1948 157 283 157 283
1949 151 290 517 656
1950 148 285 879 1016
1951 155 271 1251 1367
1952 153 278 1614 1739
1953 158 279 1985 2106
1954 153 285 2345 2477
1955 157 283 2714 2840
1956 135 291 3057 3213
1957 162 275 3450 3563
1958 157 283 3810 3936
1959 149 287 4167 4305
1960 149 286 4532 4669
1961 149 289 4898 5038
1962 147 274 5261 5388
1963 150 275 5629 5754
1964 158 289 6002 6133
1965 148 268 6358 6478
1966 150 265 6725 6840
1967 150 276 7090 7216
1968 159 282 7464 7587
1969 152 273 7823 7944
1970 148 279 8184 8315
1971 150 291 8551 8692
1972 164 262 8930 9028
1973 156 280 9288 9412
1974 149 276 9646 9773
1975 155 288 10017 10150
1976 148 269 10375 10496
1977 157 271 10750 10864
1978 145 280 11103 11238
1979 158 259 11481 11582
1980 156 273 11844 11961
1981 153 276 12207 12330
1982 154 273 12573 12692
1983 156 291 12940 13075
1984 150 269 13299 13418
1985 148 275 13663 13790
1986 157 264 14037 14144
1987 154 273 14399 14518
1988 158 282 14768 14892
1989 146 283 15122 15259
1990 138 280 15479 15621
1991 158 271 15864 15977
1992 164 274 16235 16345
1993 159 278 16596 16715
1994 152 264 16954 17066
1995 156 278 17323 17445
1996 150 282 17682 17814
1997 157 263 18055 18161
1998 158 276 18421 18539
1999 144 276 18772 18904
2000 144 268 19137 19261
2001 146 267 19505 19626
2002 155 265 19879 19989
2003 156 273 20245 20362
2004 141 271 20595 20725
2005 158 278 20978 21098
2006 147 272 21332 21457
2007 156 276 21706 21826
2008 149 277 22064 22192
2009 159 270 22440 22551
2010 155 270 22801 22916
2011 159 277 23170 23288
2012 152 270 23528 23646
2013 147 285 23889 24027
2014 161 270 24268 24377
2015 158 269 24630 24741
2016 161 283 24998 25120
2017 150 288 25353 25491
2018 151 270 25719 25838
2019 160 277 26093 26210
2020 156 286 26454 26584
2021 148 282 26812 26946
2022 145 285 27174 27314
